<!doctype html><html><head><meta charset="utf-8"><title>CWP2: the multiplier vs MBP1 level</title>
<script src="https://cdn.plot.ly/plotly-2.27.0.min.js"></script>
<style>body{font-family:-apple-system,Helvetica,Arial,sans-serif;margin:0;padding:12px;color:#222}
#plot{width:100%;height:400px}.ctl{display:flex;align-items:center;gap:12px;margin:10px 4px}
input[type=range]{flex:1}.lab{font-variant-numeric:tabular-nums;min-width:10em;font-weight:600}</style>
</head><body>
<div id="plot"></div>
<div class="ctl"><span>q</span><input type="range" id="s" min="0" max="20" value="10" step="1">
<span class="lab" id="lab"></span></div>
<script>
const sv=[0.0,0.05,0.1,0.15,0.2,0.25,0.3,0.35,0.4,0.45,0.5,0.55,0.6,0.65,0.7,0.75,0.8,0.85,0.9,0.95,1.0], XALL=[[[0.25,0.3,0.35,0.4,0.45,0.5,0.55,0.6,0.65,0.7,0.75,0.8,0.85,0.9,0.95,1.0,1.05,1.1,1.15,1.2,1.25,1.3,1.35,1.4,1.45,1.5,1.55,1.6,1.65,1.7,1.75,1.8,1.85,1.9,1.95,2.0,2.05,2.1,2.15,2.2,2.25,2.3,2.35,2.4,2.45,2.5,2.55,2.6,2.65,2.7,2.75,2.8,2.85,2.9,2.95,3.0,3.05,3.1,3.15,3.2,3.25,3.3,3.35,3.4,3.45,3.5,3.55,3.6,3.65,3.7,3.75,3.8,3.85,3.9,3.95,4.0]],[[0.25,0.3,0.35,0.4,0.45,0.5,0.55,0.6,0.65,0.7,0.75,0.8,0.85,0.9,0.95,1.0,1.05,1.1,1.15,1.2,1.25,1.3,1.35,1.4,1.45,1.5,1.55,1.6,1.65,1.7,1.75,1.8,1.85,1.9,1.95,2.0,2.05,2.1,2.15,2.2,2.25,2.3,2.35,2.4,2.45,2.5,2.55,2.6,2.65,2.7,2.75,2.8,2.85,2.9,2.95,3.0,3.05,3.1,3.15,3.2,3.25,3.3,3.35,3.4,3.45,3.5,3.55,3.6,3.65,3.7,3.75,3.8,3.85,3.9,3.95,4.0]],[[0.25,0.3,0.35,0.4,0.45,0.5,0.55,0.6,0.65,0.7,0.75,0.8,0.85,0.9,0.95,1.0,1.05,1.1,1.15,1.2,1.25,1.3,1.35,1.4,1.45,1.5,1.55,1.6,1.65,1.7,1.75,1.8,1.85,1.9,1.95,2.0,2.05,2.1,2.15,2.2,2.25,2.3,2.35,2.4,2.45,2.5,2.55,2.6,2.65,2.7,2.75,2.8,2.85,2.9,2.95,3.0,3.05,3.1,3.15,3.2,3.25,3.3,3.35,3.4,3.45,3.5,3.55,3.6,3.65,3.7,3.75,3.8,3.85,3.9,3.95,4.0]],[[0.25,0.3,0.35,0.4,0.45,0.5,0.55,0.6,0.65,0.7,0.75,0.8,0.85,0.9,0.95,1.0,1.05,1.1,1.15,1.2,1.25,1.3,1.35,1.4,1.45,1.5,1.55,1.6,1.65,1.7,1.75,1.8,1.85,1.9,1.95,2.0,2.05,2.1,2.15,2.2,2.25,2.3,2.35,2.4,2.45,2.5,2.55,2.6,2.65,2.7,2.75,2.8,2.85,2.9,2.95,3.0,3.05,3.1,3.15,3.2,3.25,3.3,3.35,3.4,3.45,3.5,3.55,3.6,3.65,3.7,3.75,3.8,3.85,3.9,3.95,4.0]],[[0.25,0.3,0.35,0.4,0.45,0.5,0.55,0.6,0.65,0.7,0.75,0.8,0.85,0.9,0.95,1.0,1.05,1.1,1.15,1.2,1.25,1.3,1.35,1.4,1.45,1.5,1.55,1.6,1.65,1.7,1.75,1.8,1.85,1.9,1.95,2.0,2.05,2.1,2.15,2.2,2.25,2.3,2.35,2.4,2.45,2.5,2.55,2.6,2.65,2.7,2.75,2.8,2.85,2.9,2.95,3.0,3.05,3.1,3.15,3.2,3.25,3.3,3.35,3.4,3.45,3.5,3.55,3.6,3.65,3.7,3.75,3.8,3.85,3.9,3.95,4.0]],[[0.25,0.3,0.35,0.4,0.45,0.5,0.55,0.6,0.65,0.7,0.75,0.8,0.85,0.9,0.95,1.0,1.05,1.1,1.15,1.2,1.25,1.3,1.35,1.4,1.45,1.5,1.55,1.6,1.65,1.7,1.75,1.8,1.85,1.9,1.95,2.0,2.05,2.1,2.15,2.2,2.25,2.3,2.35,2.4,2.45,2.5,2.55,2.6,2.65,2.7,2.75,2.8,2.85,2.9,2.95,3.0,3.05,3.1,3.15,3.2,3.25,3.3,3.35,3.4,3.45,3.5,3.55,3.6,3.65,3.7,3.75,3.8,3.85,3.9,3.95,4.0]],[[0.25,0.3,0.35,0.4,0.45,0.5,0.55,0.6,0.65,0.7,0.75,0.8,0.85,0.9,0.95,1.0,1.05,1.1,1.15,1.2,1.25,1.3,1.35,1.4,1.45,1.5,1.55,1.6,1.65,1.7,1.75,1.8,1.85,1.9,1.95,2.0,2.05,2.1,2.15,2.2,2.25,2.3,2.35,2.4,2.45,2.5,2.55,2.6,2.65,2.7,2.75,2.8,2.85,2.9,2.95,3.0,3.05,3.1,3.15,3.2,3.25,3.3,3.35,3.4,3.45,3.5,3.55,3.6,3.65,3.7,3.75,3.8,3.85,3.9,3.95,4.0]],[[0.25,0.3,0.35,0.4,0.45,0.5,0.55,0.6,0.65,0.7,0.75,0.8,0.85,0.9,0.95,1.0,1.05,1.1,1.15,1.2,1.25,1.3,1.35,1.4,1.45,1.5,1.55,1.6,1.65,1.7,1.75,1.8,1.85,1.9,1.95,2.0,2.05,2.1,2.15,2.2,2.25,2.3,2.35,2.4,2.45,2.5,2.55,2.6,2.65,2.7,2.75,2.8,2.85,2.9,2.95,3.0,3.05,3.1,3.15,3.2,3.25,3.3,3.35,3.4,3.45,3.5,3.55,3.6,3.65,3.7,3.75,3.8,3.85,3.9,3.95,4.0]],[[0.25,0.3,0.35,0.4,0.45,0.5,0.55,0.6,0.65,0.7,0.75,0.8,0.85,0.9,0.95,1.0,1.05,1.1,1.15,1.2,1.25,1.3,1.35,1.4,1.45,1.5,1.55,1.6,1.65,1.7,1.75,1.8,1.85,1.9,1.95,2.0,2.05,2.1,2.15,2.2,2.25,2.3,2.35,2.4,2.45,2.5,2.55,2.6,2.65,2.7,2.75,2.8,2.85,2.9,2.95,3.0,3.05,3.1,3.15,3.2,3.25,3.3,3.35,3.4,3.45,3.5,3.55,3.6,3.65,3.7,3.75,3.8,3.85,3.9,3.95,4.0]],[[0.25,0.3,0.35,0.4,0.45,0.5,0.55,0.6,0.65,0.7,0.75,0.8,0.85,0.9,0.95,1.0,1.05,1.1,1.15,1.2,1.25,1.3,1.35,1.4,1.45,1.5,1.55,1.6,1.65,1.7,1.75,1.8,1.85,1.9,1.95,2.0,2.05,2.1,2.15,2.2,2.25,2.3,2.35,2.4,2.45,2.5,2.55,2.6,2.65,2.7,2.75,2.8,2.85,2.9,2.95,3.0,3.05,3.1,3.15,3.2,3.25,3.3,3.35,3.4,3.45,3.5,3.55,3.6,3.65,3.7,3.75,3.8,3.85,3.9,3.95,4.0]],[[0.25,0.3,0.35,0.4,0.45,0.5,0.55,0.6,0.65,0.7,0.75,0.8,0.85,0.9,0.95,1.0,1.05,1.1,1.15,1.2,1.25,1.3,1.35,1.4,1.45,1.5,1.55,1.6,1.65,1.7,1.75,1.8,1.85,1.9,1.95,2.0,2.05,2.1,2.15,2.2,2.25,2.3,2.35,2.4,2.45,2.5,2.55,2.6,2.65,2.7,2.75,2.8,2.85,2.9,2.95,3.0,3.05,3.1,3.15,3.2,3.25,3.3,3.35,3.4,3.45,3.5,3.55,3.6,3.65,3.7,3.75,3.8,3.85,3.9,3.95,4.0]],[[0.25,0.3,0.35,0.4,0.45,0.5,0.55,0.6,0.65,0.7,0.75,0.8,0.85,0.9,0.95,1.0,1.05,1.1,1.15,1.2,1.25,1.3,1.35,1.4,1.45,1.5,1.55,1.6,1.65,1.7,1.75,1.8,1.85,1.9,1.95,2.0,2.05,2.1,2.15,2.2,2.25,2.3,2.35,2.4,2.45,2.5,2.55,2.6,2.65,2.7,2.75,2.8,2.85,2.9,2.95,3.0,3.05,3.1,3.15,3.2,3.25,3.3,3.35,3.4,3.45,3.5,3.55,3.6,3.65,3.7,3.75,3.8,3.85,3.9,3.95,4.0]],[[0.25,0.3,0.35,0.4,0.45,0.5,0.55,0.6,0.65,0.7,0.75,0.8,0.85,0.9,0.95,1.0,1.05,1.1,1.15,1.2,1.25,1.3,1.35,1.4,1.45,1.5,1.55,1.6,1.65,1.7,1.75,1.8,1.85,1.9,1.95,2.0,2.05,2.1,2.15,2.2,2.25,2.3,2.35,2.4,2.45,2.5,2.55,2.6,2.65,2.7,2.75,2.8,2.85,2.9,2.95,3.0,3.05,3.1,3.15,3.2,3.25,3.3,3.35,3.4,3.45,3.5,3.55,3.6,3.65,3.7,3.75,3.8,3.85,3.9,3.95,4.0]],[[0.25,0.3,0.35,0.4,0.45,0.5,0.55,0.6,0.65,0.7,0.75,0.8,0.85,0.9,0.95,1.0,1.05,1.1,1.15,1.2,1.25,1.3,1.35,1.4,1.45,1.5,1.55,1.6,1.65,1.7,1.75,1.8,1.85,1.9,1.95,2.0,2.05,2.1,2.15,2.2,2.25,2.3,2.35,2.4,2.45,2.5,2.55,2.6,2.65,2.7,2.75,2.8,2.85,2.9,2.95,3.0,3.05,3.1,3.15,3.2,3.25,3.3,3.35,3.4,3.45,3.5,3.55,3.6,3.65,3.7,3.75,3.8,3.85,3.9,3.95,4.0]],[[0.25,0.3,0.35,0.4,0.45,0.5,0.55,0.6,0.65,0.7,0.75,0.8,0.85,0.9,0.95,1.0,1.05,1.1,1.15,1.2,1.25,1.3,1.35,1.4,1.45,1.5,1.55,1.6,1.65,1.7,1.75,1.8,1.85,1.9,1.95,2.0,2.05,2.1,2.15,2.2,2.25,2.3,2.35,2.4,2.45,2.5,2.55,2.6,2.65,2.7,2.75,2.8,2.85,2.9,2.95,3.0,3.05,3.1,3.15,3.2,3.25,3.3,3.35,3.4,3.45,3.5,3.55,3.6,3.65,3.7,3.75,3.8,3.85,3.9,3.95,4.0]],[[0.25,0.3,0.35,0.4,0.45,0.5,0.55,0.6,0.65,0.7,0.75,0.8,0.85,0.9,0.95,1.0,1.05,1.1,1.15,1.2,1.25,1.3,1.35,1.4,1.45,1.5,1.55,1.6,1.65,1.7,1.75,1.8,1.85,1.9,1.95,2.0,2.05,2.1,2.15,2.2,2.25,2.3,2.35,2.4,2.45,2.5,2.55,2.6,2.65,2.7,2.75,2.8,2.85,2.9,2.95,3.0,3.05,3.1,3.15,3.2,3.25,3.3,3.35,3.4,3.45,3.5,3.55,3.6,3.65,3.7,3.75,3.8,3.85,3.9,3.95,4.0]],[[0.25,0.3,0.35,0.4,0.45,0.5,0.55,0.6,0.65,0.7,0.75,0.8,0.85,0.9,0.95,1.0,1.05,1.1,1.15,1.2,1.25,1.3,1.35,1.4,1.45,1.5,1.55,1.6,1.65,1.7,1.75,1.8,1.85,1.9,1.95,2.0,2.05,2.1,2.15,2.2,2.25,2.3,2.35,2.4,2.45,2.5,2.55,2.6,2.65,2.7,2.75,2.8,2.85,2.9,2.95,3.0,3.05,3.1,3.15,3.2,3.25,3.3,3.35,3.4,3.45,3.5,3.55,3.6,3.65,3.7,3.75,3.8,3.85,3.9,3.95,4.0]],[[0.25,0.3,0.35,0.4,0.45,0.5,0.55,0.6,0.65,0.7,0.75,0.8,0.85,0.9,0.95,1.0,1.05,1.1,1.15,1.2,1.25,1.3,1.35,1.4,1.45,1.5,1.55,1.6,1.65,1.7,1.75,1.8,1.85,1.9,1.95,2.0,2.05,2.1,2.15,2.2,2.25,2.3,2.35,2.4,2.45,2.5,2.55,2.6,2.65,2.7,2.75,2.8,2.85,2.9,2.95,3.0,3.05,3.1,3.15,3.2,3.25,3.3,3.35,3.4,3.45,3.5,3.55,3.6,3.65,3.7,3.75,3.8,3.85,3.9,3.95,4.0]],[[0.25,0.3,0.35,0.4,0.45,0.5,0.55,0.6,0.65,0.7,0.75,0.8,0.85,0.9,0.95,1.0,1.05,1.1,1.15,1.2,1.25,1.3,1.35,1.4,1.45,1.5,1.55,1.6,1.65,1.7,1.75,1.8,1.85,1.9,1.95,2.0,2.05,2.1,2.15,2.2,2.25,2.3,2.35,2.4,2.45,2.5,2.55,2.6,2.65,2.7,2.75,2.8,2.85,2.9,2.95,3.0,3.05,3.1,3.15,3.2,3.25,3.3,3.35,3.4,3.45,3.5,3.55,3.6,3.65,3.7,3.75,3.8,3.85,3.9,3.95,4.0]],[[0.25,0.3,0.35,0.4,0.45,0.5,0.55,0.6,0.65,0.7,0.75,0.8,0.85,0.9,0.95,1.0,1.05,1.1,1.15,1.2,1.25,1.3,1.35,1.4,1.45,1.5,1.55,1.6,1.65,1.7,1.75,1.8,1.85,1.9,1.95,2.0,2.05,2.1,2.15,2.2,2.25,2.3,2.35,2.4,2.45,2.5,2.55,2.6,2.65,2.7,2.75,2.8,2.85,2.9,2.95,3.0,3.05,3.1,3.15,3.2,3.25,3.3,3.35,3.4,3.45,3.5,3.55,3.6,3.65,3.7,3.75,3.8,3.85,3.9,3.95,4.0]],[[0.25,0.3,0.35,0.4,0.45,0.5,0.55,0.6,0.65,0.7,0.75,0.8,0.85,0.9,0.95,1.0,1.05,1.1,1.15,1.2,1.25,1.3,1.35,1.4,1.45,1.5,1.55,1.6,1.65,1.7,1.75,1.8,1.85,1.9,1.95,2.0,2.05,2.1,2.15,2.2,2.25,2.3,2.35,2.4,2.45,2.5,2.55,2.6,2.65,2.7,2.75,2.8,2.85,2.9,2.95,3.0,3.05,3.1,3.15,3.2,3.25,3.3,3.35,3.4,3.45,3.5,3.55,3.6,3.65,3.7,3.75,3.8,3.85,3.9,3.95,4.0]]], YALL=[[[1.0,1.0,1.0,1.0,1.0,1.0,1.0,1.0,1.0,1.0,1.0,1.0,1.0,1.0,1.0,1.0,1.0,1.0,1.0,1.0,1.0,1.0,1.0,1.0,1.0,1.0,1.0,1.0,1.0,1.0,1.0,1.0,1.0,1.0,1.0,1.0,1.0,1.0,1.0,1.0,1.0,1.0,1.0,1.0,1.0,1.0,1.0,1.0,1.0,1.0,1.0,1.0,1.0,1.0,1.0,1.0,1.0,1.0,1.0,1.0,1.0,1.0,1.0,1.0,1.0,1.0,1.0,1.0,1.0,1.0,1.0,1.0,1.0,1.0,1.0,1.0]],[[0.988287,0.989068,0.989849,0.99063,0.99141,0.992191,0.992972,0.993753,0.994534,0.995315,0.996096,0.996877,0.997657,0.998438,0.999219,1.0,1.00078,1.00156,1.00234,1.00312,1.0039,1.00469,1.00547,1.00625,1.00703,1.00781,1.00859,1.00937,1.01015,1.01093,1.01171,1.01249,1.01327,1.01406,1.01484,1.01562,1.0164,1.01718,1.01796,1.01874,1.01952,1.0203,1.02108,1.02186,1.02265,1.02343,1.02421,1.02499,1.02577,1.02655,1.02733,1.02811,1.02889,1.02967,1.03045,1.03123,1.03202,1.0328,1.03358,1.03436,1.03514,1.03592,1.0367,1.03748,1.03826,1.03904,1.03982,1.04061,1.04139,1.04217,1.04295,1.04373,1.04451,1.04529,1.04607,1.04685]],[[0.976574,0.978136,0.979697,0.981259,0.982821,0.984383,0.985944,0.987506,0.989068,0.99063,0.992191,0.993753,0.995315,0.996877,0.998438,1.0,1.00156,1.00312,1.00469,1.00625,1.00781,1.00937,1.01093,1.01249,1.01406,1.01562,1.01718,1.01874,1.0203,1.02186,1.02343,1.02499,1.02655,1.02811,1.02967,1.03123,1.0328,1.03436,1.03592,1.03748,1.03904,1.04061,1.04217,1.04373,1.04529,1.04685,1.04841,1.04998,1.05154,1.0531,1.05466,1.05622,1.05778,1.05935,1.06091,1.06247,1.06403,1.06559,1.06716,1.06872,1.07028,1.07184,1.0734,1.07496,1.07653,1.07809,1.07965,1.08121,1.08277,1.08433,1.0859,1.08746,1.08902,1.09058,1.09214,1.0937]],[[0.964861,0.967203,0.969546,0.971889,0.974231,0.976574,0.978916,0.981259,0.983602,0.985944,0.988287,0.99063,0.992972,0.995315,0.997657,1.0,1.00234,1.00469,1.00703,1.00937,1.01171,1.01406,1.0164,1.01874,1.02108,1.02343,1.02577,1.02811,1.03045,1.0328,1.03514,1.03748,1.03982,1.04217,1.04451,1.04685,1.0492,1.05154,1.05388,1.05622,1.05857,1.06091,1.06325,1.06559,1.06794,1.07028,1.07262,1.07496,1.07731,1.07965,1.08199,1.08433,1.08668,1.08902,1.09136,1.0937,1.09605,1.09839,1.10073,1.10308,1.10542,1.10776,1.1101,1.11245,1.11479,1.11713,1.11947,1.12182,1.12416,1.1265,1.12884,1.13119,1.13353,1.13587,1.13821,1.14056]],[[0.953148,0.956271,0.959395,0.962518,0.965642,0.968765,0.971889,0.975012,0.978136,0.981259,0.984383,0.987506,0.99063,0.993753,0.996877,1.0,1.00312,1.00625,1.00937,1.01249,1.01562,1.01874,1.02186,1.02499,1.02811,1.03123,1.03436,1.03748,1.04061,1.04373,1.04685,1.04998,1.0531,1.05622,1.05935,1.06247,1.06559,1.06872,1.07184,1.07496,1.07809,1.08121,1.08433,1.08746,1.09058,1.0937,1.09683,1.09995,1.10308,1.1062,1.10932,1.11245,1.11557,1.11869,1.12182,1.12494,1.12806,1.13119,1.13431,1.13743,1.14056,1.14368,1.1468,1.14993,1.15305,1.15617,1.1593,1.16242,1.16555,1.16867,1.17179,1.17492,1.17804,1.18116,1.18429,1.18741]],[[0.941434,0.945339,0.949243,0.953148,0.957052,0.960956,0.964861,0.968765,0.972669,0.976574,0.980478,0.984383,0.988287,0.992191,0.996096,1.0,1.0039,1.00781,1.01171,1.01562,1.01952,1.02343,1.02733,1.03123,1.03514,1.03904,1.04295,1.04685,1.05076,1.05466,1.05857,1.06247,1.06637,1.07028,1.07418,1.07809,1.08199,1.0859,1.0898,1.0937,1.09761,1.10151,1.10542,1.10932,1.11323,1.11713,1.12104,1.12494,1.12884,1.13275,1.13665,1.14056,1.14446,1.14837,1.15227,1.15617,1.16008,1.16398,1.16789,1.17179,1.1757,1.1796,1.18351,1.18741,1.19131,1.19522,1.19912,1.20303,1.20693,1.21084,1.21474,1.21864,1.22255,1.22645,1.23036,1.23426]],[[0.929721,0.934407,0.939092,0.943777,0.948462,0.953148,0.957833,0.962518,0.967203,0.971889,0.976574,0.981259,0.985944,0.99063,0.995315,1.0,1.00469,1.00937,1.01406,1.01874,1.02343,1.02811,1.0328,1.03748,1.04217,1.04685,1.05154,1.05622,1.06091,1.06559,1.07028,1.07496,1.07965,1.08433,1.08902,1.0937,1.09839,1.10308,1.10776,1.11245,1.11713,1.12182,1.1265,1.13119,1.13587,1.14056,1.14524,1.14993,1.15461,1.1593,1.16398,1.16867,1.17335,1.17804,1.18272,1.18741,1.1921,1.19678,1.20147,1.20615,1.21084,1.21552,1.22021,1.22489,1.22958,1.23426,1.23895,1.24363,1.24832,1.253,1.25769,1.26237,1.26706,1.27174,1.27643,1.28111]],[[0.918008,0.923474,0.92894,0.934407,0.939873,0.945339,0.950805,0.956271,0.961737,0.967203,0.972669,0.978136,0.983602,0.989068,0.994534,1.0,1.00547,1.01093,1.0164,1.02186,1.02733,1.0328,1.03826,1.04373,1.0492,1.05466,1.06013,1.06559,1.07106,1.07653,1.08199,1.08746,1.09292,1.09839,1.10386,1.10932,1.11479,1.12025,1.12572,1.13119,1.13665,1.14212,1.14759,1.15305,1.15852,1.16398,1.16945,1.17492,1.18038,1.18585,1.19131,1.19678,1.20225,1.20771,1.21318,1.21864,1.22411,1.22958,1.23504,1.24051,1.24598,1.25144,1.25691,1.26237,1.26784,1.27331,1.27877,1.28424,1.2897,1.29517,1.30064,1.3061,1.31157,1.31703,1.3225,1.32797]],[[0.906295,0.912542,0.918789,0.925036,0.931283,0.93753,0.943777,0.950024,0.956271,0.962518,0.968765,0.975012,0.981259,0.987506,0.993753,1.0,1.00625,1.01249,1.01874,1.02499,1.03123,1.03748,1.04373,1.04998,1.05622,1.06247,1.06872,1.07496,1.08121,1.08746,1.0937,1.09995,1.1062,1.11245,1.11869,1.12494,1.13119,1.13743,1.14368,1.14993,1.15617,1.16242,1.16867,1.17492,1.18116,1.18741,1.19366,1.1999,1.20615,1.2124,1.21864,1.22489,1.23114,1.23739,1.24363,1.24988,1.25613,1.26237,1.26862,1.27487,1.28111,1.28736,1.29361,1.29986,1.3061,1.31235,1.3186,1.32484,1.33109,1.33734,1.34358,1.34983,1.35608,1.36233,1.36857,1.37482]],[[0.894582,0.90161,0.908638,0.915666,0.922693,0.929721,0.936749,0.943777,0.950805,0.957833,0.964861,0.971889,0.978916,0.985944,0.992972,1.0,1.00703,1.01406,1.02108,1.02811,1.03514,1.04217,1.0492,1.05622,1.06325,1.07028,1.07731,1.08433,1.09136,1.09839,1.10542,1.11245,1.11947,1.1265,1.13353,1.14056,1.14759,1.15461,1.16164,1.16867,1.1757,1.18272,1.18975,1.19678,1.20381,1.21084,1.21786,1.22489,1.23192,1.23895,1.24598,1.253,1.26003,1.26706,1.27409,1.28111,1.28814,1.29517,1.3022,1.30923,1.31625,1.32328,1.33031,1.33734,1.34437,1.35139,1.35842,1.36545,1.37248,1.3795,1.38653,1.39356,1.40059,1.40762,1.41464,1.42167]],[[0.882869,0.890678,0.898486,0.906295,0.914104,0.921913,0.929721,0.93753,0.945339,0.953148,0.960956,0.968765,0.976574,0.984383,0.992191,1.0,1.00781,1.01562,1.02343,1.03123,1.03904,1.04685,1.05466,1.06247,1.07028,1.07809,1.0859,1.0937,1.10151,1.10932,1.11713,1.12494,1.13275,1.14056,1.14837,1.15617,1.16398,1.17179,1.1796,1.18741,1.19522,1.20303,1.21084,1.21864,1.22645,1.23426,1.24207,1.24988,1.25769,1.2655,1.27331,1.28111,1.28892,1.29673,1.30454,1.31235,1.32016,1.32797,1.33578,1.34358,1.35139,1.3592,1.36701,1.37482,1.38263,1.39044,1.39825,1.40605,1.41386,1.42167,1.42948,1.43729,1.4451,1.45291,1.46072,1.46852]],[[0.871156,0.879745,0.888335,0.896925,0.905514,0.914104,0.922693,0.931283,0.939873,0.948462,0.957052,0.965642,0.974231,0.982821,0.99141,1.0,1.00859,1.01718,1.02577,1.03436,1.04295,1.05154,1.06013,1.06872,1.07731,1.0859,1.09449,1.10308,1.11167,1.12025,1.12884,1.13743,1.14602,1.15461,1.1632,1.17179,1.18038,1.18897,1.19756,1.20615,1.21474,1.22333,1.23192,1.24051,1.2491,1.25769,1.26628,1.27487,1.28346,1.29205,1.30064,1.30923,1.31782,1.32641,1.335,1.34358,1.35217,1.36076,1.36935,1.37794,1.38653,1.39512,1.40371,1.4123,1.42089,1.42948,1.43807,1.44666,1.45525,1.46384,1.47243,1.48102,1.48961,1.4982,1.50679,1.51538]],[[0.859443,0.868813,0.878184,0.887554,0.896925,0.906295,0.915666,0.925036,0.934407,0.943777,0.953148,0.962518,0.971889,0.981259,0.99063,1.0,1.00937,1.01874,1.02811,1.03748,1.04685,1.05622,1.06559,1.07496,1.08433,1.0937,1.10308,1.11245,1.12182,1.13119,1.14056,1.14993,1.1593,1.16867,1.17804,1.18741,1.19678,1.20615,1.21552,1.22489,1.23426,1.24363,1.253,1.26237,1.27174,1.28111,1.29049,1.29986,1.30923,1.3186,1.32797,1.33734,1.34671,1.35608,1.36545,1.37482,1.38419,1.39356,1.40293,1.4123,1.42167,1.43104,1.44041,1.44978,1.45915,1.46852,1.4779,1.48727,1.49664,1.50601,1.51538,1.52475,1.53412,1.54349,1.55286,1.56223]],[[0.84773,0.857881,0.868032,0.878184,0.888335,0.898486,0.908638,0.918789,0.92894,0.939092,0.949243,0.959395,0.969546,0.979697,0.989849,1.0,1.01015,1.0203,1.03045,1.04061,1.05076,1.06091,1.07106,1.08121,1.09136,1.10151,1.11167,1.12182,1.13197,1.14212,1.15227,1.16242,1.17257,1.18272,1.19288,1.20303,1.21318,1.22333,1.23348,1.24363,1.25378,1.26394,1.27409,1.28424,1.29439,1.30454,1.31469,1.32484,1.335,1.34515,1.3553,1.36545,1.3756,1.38575,1.3959,1.40605,1.41621,1.42636,1.43651,1.44666,1.45681,1.46696,1.47711,1.48727,1.49742,1.50757,1.51772,1.52787,1.53802,1.54817,1.55833,1.56848,1.57863,1.58878,1.59893,1.60908]],[[0.836016,0.846949,0.857881,0.868813,0.879745,0.890678,0.90161,0.912542,0.923474,0.934407,0.945339,0.956271,0.967203,0.978136,0.989068,1.0,1.01093,1.02186,1.0328,1.04373,1.05466,1.06559,1.07653,1.08746,1.09839,1.10932,1.12025,1.13119,1.14212,1.15305,1.16398,1.17492,1.18585,1.19678,1.20771,1.21864,1.22958,1.24051,1.25144,1.26237,1.27331,1.28424,1.29517,1.3061,1.31703,1.32797,1.3389,1.34983,1.36076,1.3717,1.38263,1.39356,1.40449,1.41543,1.42636,1.43729,1.44822,1.45915,1.47009,1.48102,1.49195,1.50288,1.51382,1.52475,1.53568,1.54661,1.55754,1.56848,1.57941,1.59034,1.60127,1.61221,1.62314,1.63407,1.645,1.65593]],[[0.824303,0.836016,0.84773,0.859443,0.871156,0.882869,0.894582,0.906295,0.918008,0.929721,0.941434,0.953148,0.964861,0.976574,0.988287,1.0,1.01171,1.02343,1.03514,1.04685,1.05857,1.07028,1.08199,1.0937,1.10542,1.11713,1.12884,1.14056,1.15227,1.16398,1.1757,1.18741,1.19912,1.21084,1.22255,1.23426,1.24598,1.25769,1.2694,1.28111,1.29283,1.30454,1.31625,1.32797,1.33968,1.35139,1.36311,1.37482,1.38653,1.39825,1.40996,1.42167,1.43339,1.4451,1.45681,1.46852,1.48024,1.49195,1.50366,1.51538,1.52709,1.5388,1.55052,1.56223,1.57394,1.58566,1.59737,1.60908,1.6208,1.63251,1.64422,1.65593,1.66765,1.67936,1.69107,1.70279]],[[0.81259,0.825084,0.837578,0.850072,0.862566,0.87506,0.887554,0.900048,0.912542,0.925036,0.93753,0.950024,0.962518,0.975012,0.987506,1.0,1.01249,1.02499,1.03748,1.04998,1.06247,1.07496,1.08746,1.09995,1.11245,1.12494,1.13743,1.14993,1.16242,1.17492,1.18741,1.1999,1.2124,1.22489,1.23739,1.24988,1.26237,1.27487,1.28736,1.29986,1.31235,1.32484,1.33734,1.34983,1.36233,1.37482,1.38731,1.39981,1.4123,1.4248,1.43729,1.44978,1.46228,1.47477,1.48727,1.49976,1.51225,1.52475,1.53724,1.54974,1.56223,1.57472,1.58722,1.59971,1.61221,1.6247,1.63719,1.64969,1.66218,1.67468,1.68717,1.69966,1.71216,1.72465,1.73715,1.74964]],[[0.800877,0.814152,0.827427,0.840702,0.853976,0.867251,0.880526,0.893801,0.907076,0.920351,0.933626,0.946901,0.960175,0.97345,0.986725,1.0,1.01327,1.02655,1.03982,1.0531,1.06637,1.07965,1.09292,1.1062,1.11947,1.13275,1.14602,1.1593,1.17257,1.18585,1.19912,1.2124,1.22567,1.23895,1.25222,1.2655,1.27877,1.29205,1.30532,1.3186,1.33187,1.34515,1.35842,1.3717,1.38497,1.39825,1.41152,1.4248,1.43807,1.45135,1.46462,1.4779,1.49117,1.50444,1.51772,1.53099,1.54427,1.55754,1.57082,1.58409,1.59737,1.61064,1.62392,1.63719,1.65047,1.66374,1.67702,1.69029,1.70357,1.71684,1.73012,1.74339,1.75667,1.76994,1.78322,1.79649]],[[0.789164,0.80322,0.817275,0.831331,0.845387,0.859443,0.873498,0.887554,0.90161,0.915666,0.929721,0.943777,0.957833,0.971889,0.985944,1.0,1.01406,1.02811,1.04217,1.05622,1.07028,1.08433,1.09839,1.11245,1.1265,1.14056,1.15461,1.16867,1.18272,1.19678,1.21084,1.22489,1.23895,1.253,1.26706,1.28111,1.29517,1.30923,1.32328,1.33734,1.35139,1.36545,1.3795,1.39356,1.40762,1.42167,1.43573,1.44978,1.46384,1.4779,1.49195,1.50601,1.52006,1.53412,1.54817,1.56223,1.57629,1.59034,1.6044,1.61845,1.63251,1.64656,1.66062,1.67468,1.68873,1.70279,1.71684,1.7309,1.74495,1.75901,1.77307,1.78712,1.80118,1.81523,1.82929,1.84334]],[[0.777451,0.792287,0.807124,0.821961,0.836797,0.851634,0.86647,0.881307,0.896144,0.91098,0.925817,0.940654,0.95549,0.970327,0.985163,1.0,1.01484,1.02967,1.04451,1.05935,1.07418,1.08902,1.10386,1.11869,1.13353,1.14837,1.1632,1.17804,1.19288,1.20771,1.22255,1.23739,1.25222,1.26706,1.2819,1.29673,1.31157,1.32641,1.34124,1.35608,1.37092,1.38575,1.40059,1.41543,1.43026,1.4451,1.45993,1.47477,1.48961,1.50444,1.51928,1.53412,1.54895,1.56379,1.57863,1.59346,1.6083,1.62314,1.63797,1.65281,1.66765,1.68248,1.69732,1.71216,1.72699,1.74183,1.75667,1.7715,1.78634,1.80118,1.81601,1.83085,1.84569,1.86052,1.87536,1.8902]],[[0.765738,0.781355,0.796973,0.81259,0.828208,0.843825,0.859443,0.87506,0.890678,0.906295,0.921913,0.93753,0.953148,0.968765,0.984383,1.0,1.01562,1.03123,1.04685,1.06247,1.07809,1.0937,1.10932,1.12494,1.14056,1.15617,1.17179,1.18741,1.20303,1.21864,1.23426,1.24988,1.2655,1.28111,1.29673,1.31235,1.32797,1.34358,1.3592,1.37482,1.39044,1.40605,1.42167,1.43729,1.45291,1.46852,1.48414,1.49976,1.51538,1.53099,1.54661,1.56223,1.57785,1.59346,1.60908,1.6247,1.64032,1.65593,1.67155,1.68717,1.70279,1.7184,1.73402,1.74964,1.76526,1.78087,1.79649,1.81211,1.82773,1.84334,1.85896,1.87458,1.8902,1.90581,1.92143,1.93705]]];
Plotly.newPlot("plot",[{x:[0.25,0.3,0.35,0.4,0.45,0.5,0.55,0.6,0.65,0.7,0.75,0.8,0.85,0.9,0.95,1.0,1.05,1.1,1.15,1.2,1.25,1.3,1.35,1.4,1.45,1.5,1.55,1.6,1.65,1.7,1.75,1.8,1.85,1.9,1.95,2.0,2.05,2.1,2.15,2.2,2.25,2.3,2.35,2.4,2.45,2.5,2.55,2.6,2.65,2.7,2.75,2.8,2.85,2.9,2.95,3.0,3.05,3.1,3.15,3.2,3.25,3.3,3.35,3.4,3.45,3.5,3.55,3.6,3.65,3.7,3.75,3.8,3.85,3.9,3.95,4.0],y:[1.0,1.0,1.0,1.0,1.0,1.0,1.0,1.0,1.0,1.0,1.0,1.0,1.0,1.0,1.0,1.0,1.0,1.0,1.0,1.0,1.0,1.0,1.0,1.0,1.0,1.0,1.0,1.0,1.0,1.0,1.0,1.0,1.0,1.0,1.0,1.0,1.0,1.0,1.0,1.0,1.0,1.0,1.0,1.0,1.0,1.0,1.0,1.0,1.0,1.0,1.0,1.0,1.0,1.0,1.0,1.0,1.0,1.0,1.0,1.0,1.0,1.0,1.0,1.0,1.0,1.0,1.0,1.0,1.0,1.0,1.0,1.0,1.0,1.0,1.0,1.0],mode:"lines",name:"M_x",line:{width:3,color:"#1f77b4"}}],
 {margin:{t:44,r:16,b:50,l:60},title:{text:"CWP2: the multiplier vs MBP1 level"},
  xaxis:{title:"MBP1 level (× its mean)",range:[0.175,4.075]},
  yaxis:{title:"M_x",range:[0.695459,2.00733]},
  showlegend:false,legend:{x:0.02,y:0.98},shapes:[{type:"line",xref:"paper",x0:0,x1:1,y0:1.0,y1:1.0,line:{dash:"dash",color:"#999",width:1}}]},{responsive:true});
const s=document.getElementById("s"),lab=document.getElementById("lab");
function upd(){const i=+s.value;Plotly.restyle("plot",{x:XALL[i],y:YALL[i]});
 lab.textContent="q = "+sv[i].toFixed(2);}
s.addEventListener("input",upd);upd();
</script></body></html>